True//0,0,1024,768,22,1//1030,0,800,600,22,1
True//0,0,1024,768,22,1
True//0,0,1024,768,22,1
True//0,0,1024,768,22,1
True//0,0,1024,768,22,1
True//0,0,1024,768,22,1//1030,0,800,600,22,1
True//0,0,1024,768,22,1//1030,0,800,600,22,1
True//0,0,1024,768,22,1//1030,0,800,600,22,1
True//0,0,1024,768,22,1//1030,0,800,600,22,1
True//0,0,1024,768,22,1//0,0,1024,768,22,1
True//0,0,1024,768,22,1//0,0,1024,768,22,1
True//0,0,1024,768,22,1//0,0,1024,768,22,1
True//0,0,1024,768,22,1//0,0,1024,768,22,1
True//0,0,1024,768,22,1//0,0,8,768,22,1
True//0,0,1024,768,22,1//0,0,80,768,22,1
True//0,0,1024,768,22,1//0,0,800,768,22,1
True//0,0,1024,768,22,1//0,0,800,6,22,1
True//0,0,1024,768,22,1//0,0,800,60,22,1
True//0,0,1024,768,22,1//0,0,800,600,22,1
True//0,0,1024,768,22,1//1030,0,800,600,22,1
True//0,0,1024,768,22,1
True//0,0,1024,768,22,1
True//0,0,1024,768,22,1
True//0,0,1024,768,22,1
True//0,0,1024,768,22,1//1030,0,800,600,22,1
True//0,0,1024,768,22,1//1030,0,800,600,22,1
True//0,0,1024,768,22,1//1030,0,800,600,22,1
True//0,0,1024,768,22,1//1030,0,800,600,22,1
True//501,3,1024,768,22,1//1030,0,800,600,22,1//0,0,1024,768,22,1//0,0,1024,768,22,1//0,0,1024,768,22,1//0,0,1024,768,22,1//0,0,1024,768,22,1//1030,0,800,600,22,1//0,0,1024,768,22,1//1030,0,800,600,22,1//0,0,1024,768,22,1//1030,0,800,600,22,1//0,0,1024,768,22,1//1030,0,800,600,22,1//0,0,1024,768,22,1//0,0,1024,768,22,1//0,0,1024,768,22,1//0,0,1024,768,22,1//0,0,1024,768,22,1//0,0,1024,768,22,1//0,0,1024,768,22,1//0,0,1024,768,22,1//0,0,1024,768,22,1//0,0,8,768,22,1//0,0,1024,768,22,1//0,0,80,768,22,1//0,0,1024,768,22,1//0,0,800,768,22,1//0,0,1024,768,22,1//0,0,800,6,22,1//0,0,1024,768,22,1//0,0,800,60,22,1//0,0,1024,768,22,1//0,0,800,600,22,1//0,0,1024,768,22,1//1030,0,800,600,22,1
True//501,3,1024,768,22,1//1030,0,800,600,22,1//0,0,1024,768,22,1//0,0,1024,768,22,1//0,0,1024,768,22,1//0,0,1024,768,22,1//0,0,1024,768,22,1//1030,0,800,600,22,1//0,0,1024,768,22,1//1030,0,800,600,22,1//0,0,1024,768,22,1//1030,0,800,600,22,1//0,0,1024,768,22,1//1030,0,800,600,22,1//0,0,1024,768,22,1//0,0,1024,768,22,1//0,0,1024,768,22,1//0,0,1024,768,22,1//0,0,1024,768,22,1//0,0,1024,768,22,1//0,0,1024,768,22,1//0,0,1024,768,22,1//0,0,1024,768,22,1//0,0,8,768,22,1//0,0,1024,768,22,1//0,0,80,768,22,1//0,0,1024,768,22,1//0,0,800,768,22,1//0,0,1024,768,22,1//0,0,800,6,22,1//0,0,1024,768,22,1//0,0,800,60,22,1//0,0,1024,768,22,1//0,0,800,600,22,1//0,0,1024,768,22,1//1030,0,800,600,22,1
True//501,3,1024,768,22,1//1030,0,800,600,22,1//0,0,1024,768,22,1//0,0,1024,768,22,1//0,0,1024,768,22,1//0,0,1024,768,22,1//0,0,1024,768,22,1//1030,0,800,600,22,1//0,0,1024,768,22,1//1030,0,800,600,22,1//0,0,1024,768,22,1//1030,0,800,600,22,1//0,0,1024,768,22,1//1030,0,800,600,22,1//0,0,1024,768,22,1//0,0,1024,768,22,1//0,0,1024,768,22,1//0,0,1024,768,22,1//0,0,1024,768,22,1//0,0,1024,768,22,1//0,0,1024,768,22,1//0,0,1024,768,22,1//0,0,1024,768,22,1//0,0,8,768,22,1//0,0,1024,768,22,1//0,0,80,768,22,1//0,0,1024,768,22,1//0,0,800,768,22,1//0,0,1024,768,22,1//0,0,800,6,22,1//0,0,1024,768,22,1//0,0,800,60,22,1//0,0,1024,768,22,1//0,0,800,600,22,1//0,0,1024,768,22,1//1030,0,800,600,22,1
True//501,0,1024,768,22,1//1030,0,800,600,22,1//0,0,1024,768,22,1//0,0,1024,768,22,1//0,0,1024,768,22,1//0,0,1024,768,22,1//0,0,1024,768,22,1//1030,0,800,600,22,1//0,0,1024,768,22,1//1030,0,800,600,22,1//0,0,1024,768,22,1//1030,0,800,600,22,1//0,0,1024,768,22,1//1030,0,800,600,22,1//0,0,1024,768,22,1//0,0,1024,768,22,1//0,0,1024,768,22,1//0,0,1024,768,22,1//0,0,1024,768,22,1//0,0,1024,768,22,1//0,0,1024,768,22,1//0,0,1024,768,22,1//0,0,1024,768,22,1//0,0,8,768,22,1//0,0,1024,768,22,1//0,0,80,768,22,1//0,0,1024,768,22,1//0,0,800,768,22,1//0,0,1024,768,22,1//0,0,800,6,22,1//0,0,1024,768,22,1//0,0,800,60,22,1//0,0,1024,768,22,1//0,0,800,600,22,1//0,0,1024,768,22,1//1030,0,800,600,22,1
True//501,0,1024,768,22,1//1030,0,800,600,22,1//0,0,1024,768,22,1//0,0,1024,768,22,1//0,0,1024,768,22,1//0,0,1024,768,22,1//0,0,1024,768,22,1//1030,0,800,600,22,1//0,0,1024,768,22,1//1030,0,800,600,22,1//0,0,1024,768,22,1//1030,0,800,600,22,1//0,0,1024,768,22,1//1030,0,800,600,22,1//0,0,1024,768,22,1//0,0,1024,768,22,1//0,0,1024,768,22,1//0,0,1024,768,22,1//0,0,1024,768,22,1//0,0,1024,768,22,1//0,0,1024,768,22,1//0,0,1024,768,22,1//0,0,1024,768,22,1//0,0,8,768,22,1//0,0,1024,768,22,1//0,0,80,768,22,1//0,0,1024,768,22,1//0,0,800,768,22,1//0,0,1024,768,22,1//0,0,800,6,22,1//0,0,1024,768,22,1//0,0,800,60,22,1//0,0,1024,768,22,1//0,0,800,600,22,1//0,0,1024,768,22,1//1030,0,800,600,22,1
True//501,0,1024,768,22,1//501,3,1024,768,22,1//0,0,1024,768,22,1//0,0,1024,768,22,1//0,0,1024,768,22,1//0,0,1024,768,22,1//0,0,1024,768,22,1//1030,0,800,600,22,1//0,0,1024,768,22,1//1030,0,800,600,22,1//0,0,1024,768,22,1//1030,0,800,600,22,1//0,0,1024,768,22,1//1030,0,800,600,22,1//0,0,1024,768,22,1//0,0,1024,768,22,1//0,0,1024,768,22,1//0,0,1024,768,22,1//0,0,1024,768,22,1//0,0,1024,768,22,1//0,0,1024,768,22,1//0,0,1024,768,22,1//0,0,1024,768,22,1//0,0,8,768,22,1//0,0,1024,768,22,1//0,0,80,768,22,1//0,0,1024,768,22,1//0,0,800,768,22,1//0,0,1024,768,22,1//0,0,800,6,22,1//0,0,1024,768,22,1//0,0,800,60,22,1//0,0,1024,768,22,1//0,0,800,600,22,1//0,0,1024,768,22,1//1030,0,800,600,22,1
True//501,0,1024,768,22,1//501,3,1024,768,22,1//0,0,1024,768,22,1//0,0,1024,768,22,1//0,0,1024,768,22,1//0,0,1024,768,22,1//0,0,1024,768,22,1//1030,0,800,600,22,1//0,0,1024,768,22,1//1030,0,800,600,22,1//0,0,1024,768,22,1//1030,0,800,600,22,1//0,0,1024,768,22,1//1030,0,800,600,22,1//0,0,1024,768,22,1//0,0,1024,768,22,1//0,0,1024,768,22,1//0,0,1024,768,22,1//0,0,1024,768,22,1//0,0,1024,768,22,1//0,0,1024,768,22,1//0,0,1024,768,22,1//0,0,1024,768,22,1//0,0,8,768,22,1//0,0,1024,768,22,1//0,0,80,768,22,1//0,0,1024,768,22,1//0,0,800,768,22,1//0,0,1024,768,22,1//0,0,800,6,22,1//0,0,1024,768,22,1//0,0,800,60,22,1//0,0,1024,768,22,1//0,0,800,600,22,1//0,0,1024,768,22,1//1030,0,800,600,22,1
True//501,0,1024,768,22,1//501,3,1024,768,22,1//0,0,1024,768,22,1//0,0,1024,768,22,1//0,0,1024,768,22,1//0,0,1024,768,22,1//0,0,1024,768,22,1//1030,0,800,600,22,1//0,0,1024,768,22,1//1030,0,800,600,22,1//0,0,1024,768,22,1//1030,0,800,600,22,1//0,0,1024,768,22,1//1030,0,800,600,22,1//0,0,1024,768,22,1//0,0,1024,768,22,1//0,0,1024,768,22,1//0,0,1024,768,22,1//0,0,1024,768,22,1//0,0,1024,768,22,1//0,0,1024,768,22,1//0,0,1024,768,22,1//0,0,1024,768,22,1//0,0,8,768,22,1//0,0,1024,768,22,1//0,0,80,768,22,1//0,0,1024,768,22,1//0,0,800,768,22,1//0,0,1024,768,22,1//0,0,800,6,22,1//0,0,1024,768,22,1//0,0,800,60,22,1//0,0,1024,768,22,1//0,0,800,600,22,1//0,0,1024,768,22,1//1030,0,800,600,22,1
True//501,0,1024,768,22,1//501,3,1024,768,22,1//0,0,1024,768,22,1//0,0,1024,768,22,1//0,0,1024,768,22,1//0,0,1024,768,22,1//0,0,1024,768,22,1//1030,0,800,600,22,1//0,0,1024,768,22,1//1030,0,800,600,22,1//0,0,1024,768,22,1//1030,0,800,600,22,1//0,0,1024,768,22,1//1030,0,800,600,22,1//0,0,1024,768,22,1//0,0,1024,768,22,1//0,0,1024,768,22,1//0,0,1024,768,22,1//0,0,1024,768,22,1//0,0,1024,768,22,1//0,0,1024,768,22,1//0,0,1024,768,22,1//0,0,1024,768,22,1//0,0,8,768,22,1//0,0,1024,768,22,1//0,0,80,768,22,1//0,0,1024,768,22,1//0,0,800,768,22,1//0,0,1024,768,22,1//0,0,800,6,22,1//0,0,1024,768,22,1//0,0,800,60,22,1//0,0,1024,768,22,1//0,0,800,600,22,1//0,0,1024,768,22,1//1030,0,800,600,22,1
True//501,0,1024,768,22,1//501,3,1024,768,22,1//0,0,1024,768,22,1//0,0,1024,768,22,1//0,0,1024,768,22,1//0,0,1024,768,22,1//0,0,1024,768,22,1//1030,0,800,600,22,1//0,0,1024,768,22,1//1030,0,800,600,22,1//0,0,1024,768,22,1//1030,0,800,600,22,1//0,0,1024,768,22,1//1030,0,800,600,22,1//0,0,1024,768,22,1//0,0,1024,768,22,1//0,0,1024,768,22,1//0,0,1024,768,22,1//0,0,1024,768,22,1//0,0,1024,768,22,1//0,0,1024,768,22,1//0,0,1024,768,22,1//0,0,1024,768,22,1//0,0,8,768,22,1//0,0,1024,768,22,1//0,0,80,768,22,1//0,0,1024,768,22,1//0,0,800,768,22,1//0,0,1024,768,22,1//0,0,800,6,22,1//0,0,1024,768,22,1//0,0,800,60,22,1//0,0,1024,768,22,1//0,0,800,600,22,1//0,0,1024,768,22,1//1030,0,800,600,22,1
True//501,0,1024,768,22,1//501,0,1024,768,22,1//0,0,1024,768,22,1//0,0,1024,768,22,1//0,0,1024,768,22,1//0,0,1024,768,22,1//0,0,1024,768,22,1//1030,0,800,600,22,1//0,0,1024,768,22,1//1030,0,800,600,22,1//0,0,1024,768,22,1//1030,0,800,600,22,1//0,0,1024,768,22,1//1030,0,800,600,22,1//0,0,1024,768,22,1//0,0,1024,768,22,1//0,0,1024,768,22,1//0,0,1024,768,22,1//0,0,1024,768,22,1//0,0,1024,768,22,1//0,0,1024,768,22,1//0,0,1024,768,22,1//0,0,1024,768,22,1//0,0,8,768,22,1//0,0,1024,768,22,1//0,0,80,768,22,1//0,0,1024,768,22,1//0,0,800,768,22,1//0,0,1024,768,22,1//0,0,800,6,22,1//0,0,1024,768,22,1//0,0,800,60,22,1//0,0,1024,768,22,1//0,0,800,600,22,1//0,0,1024,768,22,1//1030,0,800,600,22,1
True//501,0,1024,768,22,1//501,0,1024,768,22,1//0,0,1024,768,22,1//0,0,1024,768,22,1//0,0,1024,768,22,1//0,0,1024,768,22,1//0,0,1024,768,22,1//1030,0,800,600,22,1//0,0,1024,768,22,1//1030,0,800,600,22,1//0,0,1024,768,22,1//1030,0,800,600,22,1//0,0,1024,768,22,1//1030,0,800,600,22,1//0,0,1024,768,22,1//0,0,1024,768,22,1//0,0,1024,768,22,1//0,0,1024,768,22,1//0,0,1024,768,22,1//0,0,1024,768,22,1//0,0,1024,768,22,1//0,0,1024,768,22,1//0,0,1024,768,22,1//0,0,8,768,22,1//0,0,1024,768,22,1//0,0,80,768,22,1//0,0,1024,768,22,1//0,0,800,768,22,1//0,0,1024,768,22,1//0,0,800,6,22,1//0,0,1024,768,22,1//0,0,800,60,22,1//0,0,1024,768,22,1//0,0,800,600,22,1//0,0,1024,768,22,1//1030,0,800,600,22,1
True//501,0,1024,768,22,1//501,0,1024,768,22,1//0,0,1024,768,22,1//0,0,1024,768,22,1//0,0,1024,768,22,1//0,0,1024,768,22,1//0,0,1024,768,22,1//1030,0,800,600,22,1//0,0,1024,768,22,1//1030,0,800,600,22,1//0,0,1024,768,22,1//1030,0,800,600,22,1//0,0,1024,768,22,1//1030,0,800,600,22,1//0,0,1024,768,22,1//0,0,1024,768,22,1//0,0,1024,768,22,1//0,0,1024,768,22,1//0,0,1024,768,22,1//0,0,1024,768,22,1//0,0,1024,768,22,1//0,0,1024,768,22,1//0,0,1024,768,22,1//0,0,8,768,22,1//0,0,1024,768,22,1//0,0,80,768,22,1//0,0,1024,768,22,1//0,0,800,768,22,1//0,0,1024,768,22,1//0,0,800,6,22,1//0,0,1024,768,22,1//0,0,800,60,22,1//0,0,1024,768,22,1//0,0,800,600,22,1//0,0,1024,768,22,1//1030,0,800,600,22,1
True//501,0,1024,768,22,1//501,0,1024,768,22,1//0,0,1024,768,22,1//0,0,1024,768,22,1//0,0,1024,768,22,1//0,0,1024,768,22,1//0,0,1024,768,22,1//1030,0,800,600,22,1//0,0,1024,768,22,1//1030,0,800,600,22,1//0,0,1024,768,22,1//1030,0,800,600,22,1//0,0,1024,768,22,1//1030,0,800,600,22,1//0,0,1024,768,22,1//0,0,1024,768,22,1//0,0,1024,768,22,1//0,0,1024,768,22,1//0,0,1024,768,22,1//0,0,1024,768,22,1//0,0,1024,768,22,1//0,0,1024,768,22,1//0,0,1024,768,22,1//0,0,8,768,22,1//0,0,1024,768,22,1//0,0,80,768,22,1//0,0,1024,768,22,1//0,0,800,768,22,1//0,0,1024,768,22,1//0,0,800,6,22,1//0,0,1024,768,22,1//0,0,800,60,22,1//0,0,1024,768,22,1//0,0,800,600,22,1//0,0,1024,768,22,1//1030,0,800,600,22,1
True//501,0,1024,768,22,1//1530,0,1024,768,22,1//0,0,1024,768,22,1//0,0,1024,768,22,1//0,0,1024,768,22,1//0,0,1024,768,22,1//0,0,1024,768,22,1//1030,0,800,600,22,1//0,0,1024,768,22,1//1030,0,800,600,22,1//0,0,1024,768,22,1//1030,0,800,600,22,1//0,0,1024,768,22,1//1030,0,800,600,22,1//0,0,1024,768,22,1//0,0,1024,768,22,1//0,0,1024,768,22,1//0,0,1024,768,22,1//0,0,1024,768,22,1//0,0,1024,768,22,1//0,0,1024,768,22,1//0,0,1024,768,22,1//0,0,1024,768,22,1//0,0,8,768,22,1//0,0,1024,768,22,1//0,0,80,768,22,1//0,0,1024,768,22,1//0,0,800,768,22,1//0,0,1024,768,22,1//0,0,800,6,22,1//0,0,1024,768,22,1//0,0,800,60,22,1//0,0,1024,768,22,1//0,0,800,600,22,1//0,0,1024,768,22,1//1030,0,800,600,22,1
True//501,0,1024,768,22,1//1530,0,1024,768,22,1//0,0,1024,768,22,1//0,0,1024,768,22,1//0,0,1024,768,22,1//0,0,1024,768,22,1//0,0,1024,768,22,1//1030,0,800,600,22,1//0,0,1024,768,22,1//1030,0,800,600,22,1//0,0,1024,768,22,1//1030,0,800,600,22,1//0,0,1024,768,22,1//1030,0,800,600,22,1//0,0,1024,768,22,1//0,0,1024,768,22,1//0,0,1024,768,22,1//0,0,1024,768,22,1//0,0,1024,768,22,1//0,0,1024,768,22,1//0,0,1024,768,22,1//0,0,1024,768,22,1//0,0,1024,768,22,1//0,0,8,768,22,1//0,0,1024,768,22,1//0,0,80,768,22,1//0,0,1024,768,22,1//0,0,800,768,22,1//0,0,1024,768,22,1//0,0,800,6,22,1//0,0,1024,768,22,1//0,0,800,60,22,1//0,0,1024,768,22,1//0,0,800,600,22,1//0,0,1024,768,22,1//1030,0,800,600,22,1
